  103.30 0.486283 1.814528e+06
 6821.13 0.444012 4.554489e+06
 6821.14 0.771872 6.434431e+06
 6821.62 0.751201 3.386276e+06
 7385.16 0.649624 5.541254e+06
 7385.33 0.707247 5.512725e+06
 7385.58 0.412192 4.050861e+06
 7688.81 0.736995 1.732965e+06
20103.91 0.307012 8.154348e+06
20638.85 0.770984 3.177662e+07
20638.87 0.657702 3.243751e+07
20638.93 0.648392 2.567882e+07
21713.12 0.553190 3.757958e+06
23680.13 0.375255 1.487865e+07
24016.65 0.325321 4.040780e+06
28437.89 0.435948 9.258077e+06
29157.43 0.319613 4.304342e+06
29192.76 0.671040 4.341496e+06
29503.84 0.446121 5.222978e+06
30198.98 0.448287 7.210028e+09
30199.20 0.703527 6.902599e+09
30199.37 0.402681 3.686870e+09
30380.71 0.389402 1.883615e+07
30381.31 0.349614 1.816181e+07
30401.15 0.601051 1.751158e+07
30491.85 0.552193 7.902039e+06
30492.09 0.623226 5.766293e+06
30563.55 0.384082 3.707667e+06
30575.71 0.892779 5.815620e+06
30575.73 0.487543 5.888670e+06
30575.75 0.356766 4.718872e+06
30663.47 0.800124 8.500819e+06
30663.60 0.603729 4.173631e+06
30663.85 0.487452 7.889137e+06
30732.07 0.690154 5.708919e+06
30732.20 0.529049 4.593320e+06
30803.53 0.726609 4.704246e+06
30803.53 0.609843 3.259718e+06
30981.79 0.440894 1.136662e+07
30981.85 0.769538 1.295100e+07
31658.25 0.467466 1.054473e+07
31658.29 0.716532 1.346661e+07
31658.45 0.521960 6.275003e+06
31747.64 0.813427 6.120818e+06
31747.69 0.401916 4.903263e+06
31747.81 0.665141 3.118832e+06
31969.73 0.771058 5.883421e+06
32021.03 0.322088 7.619832e+06
32069.03 0.358454 5.110354e+06
32140.23 0.495215 1.050727e+07
32172.60 0.701215 1.934260e+07
32172.65 0.708197 1.965800e+07
32172.81 0.674917 9.567712e+06
32411.48 0.539961 4.665301e+06
32656.88 0.600092 9.428524e+06
33036.31 0.528482 7.375878e+06
33169.67 0.337479 3.582232e+06
33169.74 0.842538 3.430212e+06
33221.61 0.733579 5.657801e+06
36564.17 0.396875 6.929250e+06
36564.23 0.471136 7.150232e+06
36564.29 0.417047 3.583465e+06
36945.51 0.619643 1.699010e+07
36945.54 0.707258 7.756097e+06
36945.55 0.921821 1.197913e+07
38747.61 0.421549 7.119005e+06
38824.13 0.313919 9.336425e+06
41075.03 0.583459 3.137104e+06
41075.09 0.634405 3.726227e+06
41349.29 0.459829 9.603398e+06
41359.11 0.301071 8.904259e+06
41866.41 0.662051 8.288311e+06
43488.55 0.640958 2.767799e+07
43601.09 0.460876 4.357827e+06
44490.73 0.563118 1.617785e+07
45150.75 0.441107 1.270954e+07
45531.47 0.383452 5.043113e+06
47075.85 0.333123 6.982264e+06
47248.49 0.329160 3.939822e+06
47390.25 0.322578 3.675575e+06
51545.79 0.427782 2.645030e+07
51554.05 0.393855 2.793831e+07
55492.31 0.385626 2.848218e+07
56258.51 0.332674 1.718564e+07
56267.59 0.320326 2.265665e+07
57598.15 0.304814 1.530635e+07
60743.49 0.326919 5.367930e+06
60764.71 0.350590 2.866855e+06
63149.70 0.491081 1.556128e+06
67611.13 0.748765 4.308913e+06
67611.19 0.322495 3.582268e+06
74767.25 0.436829 7.036534e+07
74767.58 0.535598 5.606707e+07
74767.75 0.396643 9.809348e+07
74799.93 0.480280 4.396192e+08
75818.15 0.434703 1.666281e+07
75818.16 0.728337 1.327223e+07
75818.22 0.729467 1.518003e+07
75850.41 0.570408 9.939789e+07
76841.97 0.408450 1.219615e+07
84156.65 0.393494 9.342337e+06
84595.32 0.567607 5.601944e+06
84595.41 0.570443 4.193321e+06
84595.62 0.501616 3.403353e+06
86254.73 0.626293 3.974641e+06