  101.43 0.434816 2.267798e+06
 6819.46 0.919110 6.434431e+06
 6819.51 0.892711 4.554489e+06
 6819.53 0.360654 3.386276e+06
 7383.47 0.845369 5.541254e+06
 7383.48 0.869928 5.512725e+06
 7383.48 0.776760 4.050861e+06
20637.83 0.412568 3.177662e+07
21651.93 0.437535 5.544195e+06
22229.09 0.362262 9.887266e+06
22523.27 0.389565 4.754187e+06
23578.49 0.340561 4.401044e+06
29478.71 0.321622 7.645886e+06
30197.34 0.943552 6.902599e+09
30197.34 0.959223 3.686870e+09
30197.36 0.953198 1.246103e+09
30198.90 0.368162 7.210028e+09
30203.05 0.415273 5.983261e+09
30378.96 0.476558 1.883615e+07
30379.04 0.692306 1.816181e+07
30379.13 0.498742 1.331338e+07
30399.43 0.324641 1.516582e+07
30399.55 0.463992 1.751158e+07
30490.27 0.509096 4.287956e+06
30490.27 0.348539 7.902039e+06
30490.32 0.659606 5.766293e+06
30573.79 0.880724 5.815620e+06
30573.92 0.714081 5.888670e+06
30595.29 0.471900 4.460255e+06
30661.56 0.867894 4.173631e+06
30661.58 0.926250 8.500819e+06
30661.63 0.899620 7.889137e+06
30730.27 0.552070 4.593320e+06
30730.29 0.736125 5.708919e+06
30801.72 0.772927 4.704246e+06
30801.75 0.393738 3.952801e+06
30801.79 0.421874 4.422223e+06
30976.80 0.587188 1.295100e+07
31244.07 0.328203 1.070411e+07
31656.50 0.898684 1.054473e+07
31656.51 0.948864 6.275003e+06
31656.63 0.903353 1.346661e+07
31745.84 0.722047 6.120818e+06
31745.90 0.819139 3.136123e+06
31745.95 0.840481 4.903263e+06
31913.01 0.318149 5.049430e+06
31913.15 0.585191 4.343381e+06
32170.88 0.945758 9.567712e+06
32170.92 0.745686 1.965800e+07
32171.00 0.857382 1.934260e+07
32377.99 0.487907 3.555261e+06
32559.21 0.376702 6.638465e+06
32654.65 0.858228 9.428524e+06
33219.61 0.435353 5.657801e+06
33747.77 0.467101 1.480120e+08
33747.81 0.462533 1.769882e+08
33748.32 0.828301 1.081435e+08
35592.33 0.352604 1.874661e+07
35725.32 0.457105 5.164145e+06
36562.39 0.741372 7.150232e+06
36562.43 0.895407 3.597967e+06
36562.44 0.773299 6.929250e+06
36943.60 0.861356 1.197913e+07
36943.60 0.956607 7.756097e+06
36943.64 0.895817 1.699010e+07
38742.60 0.467154 7.850235e+06
38742.64 0.457001 7.119005e+06
39355.09 0.396492 6.656200e+06
41073.15 0.626369 3.137104e+06
41073.56 0.563993 3.726227e+06
43595.05 0.400203 4.357827e+06
44388.32 0.385653 4.413269e+06
44508.07 0.423228 1.992431e+07
46949.49 0.383854 1.902952e+07
49489.35 0.307336 4.250228e+06
51554.09 0.305964 2.072103e+07
56254.09 0.655736 2.032891e+07
57190.05 0.513402 5.870468e+06
60760.81 0.460617 4.091892e+06
62892.37 0.487419 5.559118e+06
63655.91 0.475387 3.408917e+07
63687.68 0.796595 1.982424e+07
67609.39 0.894658 4.308913e+06
67609.43 0.715459 3.582268e+06
67609.47 0.477073 3.327573e+06
74764.31 0.555147 7.036534e+07
74764.35 0.857301 9.809348e+07
74764.39 0.708586 5.606707e+07
75815.11 0.898028 2.529295e+07
75815.35 0.389589 1.399310e+07
75815.45 0.639737 1.518003e+07
76810.41 0.733775 4.976382e+06
76841.45 0.399202 1.807468e+07
76842.57 0.417935 2.743045e+07
84155.15 0.352247 1.095896e+07
84593.48 0.687454 3.403353e+06
84593.50 0.822681 4.193321e+06
84593.52 0.912615 5.601944e+06
86253.13 0.350000 3.974641e+06