 2004.75 0.302809 8.374422e+06
 5104.01 0.595430 3.747644e+06
 8925.03 0.328322 3.488470e+06
11506.91 0.458070 2.366271e+06
11635.77 0.638076 3.012713e+06
11635.77 0.832982 2.568760e+06
11635.78 0.651263 4.669658e+06
12609.48 0.751901 4.408978e+06
12609.56 0.712085 3.520909e+06
12609.57 0.732612 3.879246e+06
21461.61 0.490354 3.717403e+06
24020.25 0.375075 5.979240e+06
28624.93 0.421650 1.001404e+07
29215.07 0.384612 3.890189e+06
29613.93 0.307222 1.139677e+07
30613.91 0.364903 6.305592e+06
31424.57 0.360415 4.354327e+06
32444.63 0.315244 4.712069e+06
33507.87 0.331219 2.004803e+07
34978.79 0.413161 7.431154e+06
36215.81 0.363423 8.921457e+06
36857.13 0.411231 9.993007e+06
38186.33 0.405771 4.104512e+06
38696.39 0.383154 6.779579e+06
40593.99 0.348986 8.771043e+06
42297.99 0.321133 7.186644e+06
42307.08 0.389707 6.940961e+06
43164.57 0.407864 3.747740e+06
44354.03 0.316310 2.911996e+06
44669.99 0.491175 6.520545e+06
44707.87 0.324556 1.754904e+07
45758.53 0.398334 1.242858e+07
45994.85 0.301506 3.260301e+06
46646.85 0.605042 5.055096e+06
46755.01 0.339873 6.844438e+06
46959.43 0.394524 4.708945e+06
47992.55 0.404457 3.203611e+06
48040.42 0.392490 3.419689e+06
52329.77 0.437545 1.491749e+07
52868.07 0.416238 9.736977e+06
52944.91 0.359662 6.965214e+06
53043.48 0.309644 1.081901e+07
53245.67 0.474103 1.403648e+07
55126.48 0.370199 3.644385e+06
55590.67 0.387424 5.684143e+06
56689.79 0.355481 7.535920e+06
56973.18 0.520316 3.839932e+06
57075.87 0.301474 3.247458e+06
57170.11 0.306524 5.053869e+06
57188.77 0.422370 4.002462e+06
57955.63 0.306269 3.167655e+07
58012.55 0.429759 8.362523e+06
59781.67 0.305814 9.073840e+06
61646.60 0.414589 4.824235e+06
61730.28 0.328780 8.366134e+06
74917.79 0.541821 5.427197e+06
74917.93 0.782371 5.529583e+06
74918.36 0.728422 3.326680e+06
81600.27 0.346946 2.216486e+06
83605.77 0.388317 2.637770e+06
84536.97 0.632968 1.220510e+07
84537.08 0.684041 1.821414e+07
84537.40 0.706536 8.001601e+06
85820.17 0.711326 2.762404e+06
85820.19 0.527691 2.648802e+06