 2000.40 0.568377 1.105676e+07
 5101.76 0.670516 3.283297e+06
 5101.78 0.862411 3.747644e+06
11504.67 0.814218 3.113366e+06
11633.40 0.893971 4.669658e+06
11633.46 0.883570 3.012713e+06
11633.47 0.942477 3.906238e+06
12607.19 0.969721 6.742147e+06
12607.22 0.974974 3.879246e+06
12607.24 0.964040 4.408978e+06
18993.15 0.471533 5.286961e+06
18993.45 0.484968 6.158842e+06
18993.77 0.354637 4.553224e+06
19058.93 0.723157 6.888146e+06
21454.25 0.462034 4.300605e+06
26161.63 0.449595 5.805704e+06
28559.01 0.359757 7.232893e+06
32441.23 0.362212 4.712069e+06
33504.36 0.391045 1.599525e+07
36106.24 0.325433 1.619074e+07
42294.37 0.700254 1.059108e+07
46755.04 0.383930 6.844438e+06
48227.37 0.459385 9.194014e+06
48227.64 0.303093 5.943957e+06
50866.79 0.327038 3.331444e+07
50866.80 0.384145 2.336933e+07
52305.44 0.704755 5.227637e+06
52360.83 0.517409 1.227617e+07
52938.57 0.434969 6.965214e+06
56889.03 0.379289 3.981323e+07
56968.63 0.344690 3.874504e+06
58010.45 0.378148 8.441801e+06
59165.01 0.352087 3.542164e+06
61373.77 0.388908 3.837196e+06
61789.54 0.314114 4.684308e+06
66250.47 0.380306 1.691276e+07
74916.04 0.861771 5.427197e+06
74916.11 0.850905 3.326680e+06
74916.16 0.826526 5.529583e+06
84535.24 0.975334 8.001601e+06
84535.26 0.950616 1.821414e+07
84535.27 0.901188 1.220510e+07
85818.55 0.380219 2.046906e+06
85819.12 0.364761 3.033111e+06