 1360.94 0.976054 2.959215e+07
 1360.96 0.979230 5.148257e+07
 1360.98 0.974167 5.970384e+07
10318.43 0.522193 4.540085e+06
10319.96 0.583429 6.350529e+06
29292.48 0.420484 2.401084e+07
29655.53 0.310796 8.515415e+06
33496.49 0.365997 9.736556e+06
34123.53 0.431554 2.406086e+08
34123.67 0.454836 2.751296e+08
36200.49 0.362751 2.964309e+06
37222.99 0.334522 5.643449e+06
40510.23 0.703489 3.377750e+06
41298.89 0.321120 8.363519e+06
41772.61 0.604754 2.038515e+07
42990.97 0.580889 7.501209e+06
42991.05 0.389627 3.153197e+06
42991.13 0.368238 8.610668e+06
42992.32 0.310880 9.667764e+06
44411.36 0.366964 3.877379e+06
45014.89 0.346561 3.127785e+06
47417.15 0.435320 4.034355e+06
48076.03 0.433173 3.437130e+06
49489.41 0.436046 5.927846e+06
51056.41 0.549300 4.129373e+06
52196.57 0.377389 2.912266e+06
52207.43 0.323654 3.088411e+06
54153.19 0.381582 3.385657e+06
54153.24 0.798820 4.029116e+06
61238.36 0.475726 4.879606e+06
61979.68 0.310393 1.218404e+07
66618.87 0.473370 2.917776e+06
70961.46 0.967902 6.952885e+06
70961.48 0.978658 1.094160e+07
70961.50 0.971222 1.032254e+07