 1362.79 0.778020 5.970384e+07
 1362.79 0.591560 5.148257e+07
 1363.09 0.839842 2.959215e+07
 1382.43 0.568152 8.945722e+06
22361.43 0.395654 2.708449e+06
22502.69 0.382599 5.285781e+06
29598.69 0.358205 4.340829e+06
29658.15 0.341166 8.651705e+06
30095.65 0.465563 1.982981e+07
30095.81 0.627008 2.049899e+07
37843.35 0.311186 7.498340e+06
38439.48 0.565112 4.491375e+06
38715.87 0.534235 2.479881e+06
39313.13 0.303181 3.894737e+06
39381.98 0.537888 4.358634e+06
40513.83 0.384535 3.377750e+06
41774.25 0.520969 2.038515e+07
44413.21 0.388123 3.877379e+06
45018.48 0.451225 2.446381e+06
46634.41 0.439597 3.887699e+06
47017.97 0.326522 4.229364e+06
52202.79 0.478788 2.788383e+06
52739.55 0.360734 3.235260e+06
52758.56 0.346386 2.994556e+06
54155.61 0.727781 4.029116e+06
54155.76 0.708140 3.120840e+06
55784.09 0.533926 5.606092e+06
56928.27 0.356582 2.742720e+06
56979.97 0.347764 4.156699e+06
61245.28 0.496075 5.789067e+06
65364.65 0.519034 3.118449e+06
66620.58 0.841990 2.917776e+06
68962.48 0.825797 3.657668e+06
70963.74 0.801740 1.032254e+07
70963.76 0.677494 1.094160e+07
70963.89 0.705471 6.002442e+06